Here are some of the results from my runs:

MLP:

12 Hidden:

-------------------------------
Number of hidden nodes: 12
-------------------------------
Confusion matrix:

[[ 8  0  0  0  0  0  0  0]
 [ 0 13  0  0  0  0  0  0]
 [ 0  0 14  0  0  0  1  0]
 [ 0  1  0  9  2  0  1  1]
 [ 0  0  0  0  8  0  0  0]
 [ 0  1  0  0  1 10  3  0]
 [ 0  0  0  0  0  0 17  0]
 [ 0  2  0  0  0  0  0 19]]

-------------------------------
Correctness score: 88.29%
-------------------------------





-------------------------------
Number of hidden nodes: 9
-------------------------------
Confusion matrix:

[[16  0  0  0  1  0  0  0]
 [ 0 12  0  0  0  0  0  0]
 [ 0  0 12  0  0  0  0  0]
 [ 0  0  0  6  2  0  4  1]
 [ 0  0  0  0 12  0  1  0]
 [ 0  4  0  0  0  5  5  0]
 [ 0  0  1  0  0  0 16  0]
 [ 0  0  0  0  0  0  0 13]]

-------------------------------
Correctness score: 82.88%
-------------------------------


-------------------------------
Number of hidden nodes: 6
-------------------------------
Confusion matrix:

[[12  0  0  0  0  0  0  1]
 [ 0 18  0  0  0  0  0  0]
 [ 0  0 10  2  0  1  0  2]
 [ 0  0  0 11  1  0  0  0]
 [ 1  0  0  1 13  0  0  0]
 [ 0  0  0  0  0 13  0  0]
 [ 0  0  0  1  0  8  0  0]
 [ 0  0  0  5  0  0  0 11]]

-------------------------------
Correctness score: 79.28%
-------------------------------



-------------------------------
Number of hidden nodes: 3
-------------------------------
Confusion matrix:

[[ 0  2  0  4  2  0  0  4]
 [ 0 20  0  0  0  0  0  0]
 [ 0  1  0  0  0 12  2  0]
 [ 0  0  0  9  1  1  0  0]
 [ 0  0  0  0 16  0  0  0]
 [ 0  0  0  0  0  6  4  0]
 [ 0  0  0  0  0  1 13  0]
 [ 0  5  0  0  1  1  0  6]]

-------------------------------
Correctness score: 63.06%
-------------------------------



KFOLD:
with 12 Hidden nodes, here are the output from k=5:

Final and last matrix after 5 folds.


-------------------------------
Number of hidden nodes: 12
-------------------------------
Confusion matrix:

[[ 9  0  0  0  0  0  0  0]
 [ 0 10  0  0  0  0  0  0]
 [ 0  0 15  0  0  0  1  0]
 [ 0  0  0 10  0  0  4  1]
 [ 0  0  0  1 10  0  0  0]
 [ 0  0  0  0  0  5  1  0]
 [ 0  0  0  0  0  0 12  0]
 [ 0  0  0  0  0  0  0 10]]

-------------------------------
Correctness score: 91.01%
-------------------------------

-------------------------------
Average correctness: 88.54%
Standard deviation: 1.80
